40 50 400 8000
501 377 382 576 409 308 333 445 417 252 567 184 208 359 500 196 53 543 312 457 107 519 169 176 172 69 552 85 543 233 246 593 402 263 91 129 53 590 575 254
169 63 65 333 84 128 289 81 48 360 189 67 205 111 11 59 279 107 351 254 144 74 183 145 98 84 313 32 326 97 233 355 52 270 132 182 357 80 71 342 112 260 66 147 304 232 77 256 166 39
24 15
2 22
14 33
30 42
6 10
17 27
2 32
37 20
9 1
0 3
11 42
5 11
36 48
22 44
7 29
19 0
3 15
13 40
1 9
20 21
25 12
15 18
8 4
18 23
10 36
21 17
26 24
32 47
16 30
34 14
28 41
23 7
4 8
12 35
27 31
31 46
33 45
29 2
35 38
38 28
39 19
0 11
1 24
2 15
3 18
4 27
5 30
6 33
7 36
8 39
9 42
10 45
11 48
12 1
13 4
14 7
15 10
16 13
17 16
18 19
19 22
20 25
21 28
22 31
23 34
24 37
25 40
26 43
27 46
28 49
29 3
30 6
31 9
32 12
33 15
34 18
35 21
36 24
37 27
38 30
39 33
0 36
1 38
2 39
3 41
4 43
5 45
6 47
7 49
8 0
9 2
10 5
11 7
12 10
13 12
14 14
15 17
16 20
17 23
18 26
19 29
20 32
21 35
22 38
23 41
24 44
25 47
26 49
27 1
28 4
29 6
30 8
31 11
32 13
33 16
34 19
35 22
36 25
37 28
38 31
39 34
0 37
1 40
2 42
3 44
4 46
5 48
6 0
7 2
8 4
9 6
10 8
11 10
12 12
13 14
14 16
15 18
16 20
17 22
18 24
19 26
20 28
21 30
22 32
23 34
24 36
25 38
26 40
27 42
28 44
29 46
30 48
31 0
32 3
33 5
34 7
35 9
36 11
37 13
38 15
39 17
0 19
1 21
2 23
3 25
4 27
5 29
6 31
7 33
8 35
9 37
10 39
11 41
12 43
13 45
14 47
15 49
16 1
17 3
18 5
19 7
20 9
21 11
22 13
23 15
24 17
25 19
26 21
27 23
28 25
29 27
30 29
31 31
32 33
33 35
34 37
35 39
36 41
37 43
38 45
39 47
0 49
1 0
2 2
3 4
4 6
5 8
6 10
7 12
8 14
9 16
10 18
11 20
12 22
13 24
14 26
15 28
16 30
17 32
18 34
19 36
20 38
21 40
22 42
23 44
24 46
25 48
26 0
27 1
28 3
29 5
30 7
31 9
32 11
33 13
34 15
35 17
36 19
37 21
38 23
39 25
0 27
1 29
2 31
3 33
4 35
5 37
6 39
7 41
8 43
9 45
10 47
11 49
12 1
13 2
14 4
15 6
16 8
17 10
18 12
19 14
20 16
21 18
22 20
23 22
24 24
25 26
26 28
27 30
28 32
29 34
30 36
31 38
32 40
33 42
34 44
35 46
36 48
37 0
38 2
39 4
