80 95 780 11800
370 215 180 500 325 495 265 120 135 410 125 15 100 65 335 115 65 190 70 385 20 85 350 415 430 475 300 55 360 270 175 335 485 495 180 345 460 360 220 435 170 310 140 340 205 245 295 160 120 35 375 500 405 105 245 225 15 215 255 205 80 425 500 320 440 315 70 410 495 295 165 240 460 195 305 495 130 85 250 405 450 285 390 410 85
5 160 80 45 265 305 75 255 45 170 285 65 50 15 140 200 20 185 40 165 110 40 305 295 50 200 190 265 20 20 80 60 95 315 270 50 180 260 165 100 90 140 285 125 45 220 115 240 235 265 45 235 235 230 65 255 250 265 160 95 90 95 215 90 20 15 110 320 90 80 170 135 225 95 255 135 210 255 100 280 15 65 235 105 155 90 205 135 180 280 180 155 230 205 265 320 60 75 70 215
0 3
0 11
0 18
0 24
0 32
0 37
0 46
0 81
0 90
0 92
1 9
1 19
1 39
1 66
2 3
2 33
2 42
2 69
2 73
2 75
2 89
2 92
3 2
3 30
3 49
3 58
3 81
3 91
4 16
4 27
4 28
4 60
4 61
4 73
4 77
4 87
5 1
5 16
5 18
5 23
5 66
5 67
5 69
5 78
5 94
6 3
6 5
6 12
6 27
6 34
6 40
6 77
6 82
6 83
6 98
7 5
7 16
7 19
7 20
7 27
7 45
7 50
7 51
7 70
7 89
7 95
8 14
8 43
8 64
8 77
8 97
9 3
9 10
9 15
9 38
9 47
9 62
9 75
10 1
10 10
10 15
10 34
10 36
10 45
10 54
10 65
10 78
11 6
11 16
11 31
11 33
11 36
11 44
11 59
11 60
11 71
11 85
12 4
12 17
12 25
12 35
12 39
12 52
12 68
12 70
12 73
12 82
12 92
13 16
13 24
13 32
13 64
13 73
13 76
13 86
14 33
14 47
14 50
14 53
14 58
14 59
14 60
14 74
14 76
14 86
15 13
15 16
15 17
15 20
15 22
15 33
15 50
15 62
15 64
15 74
15 75
15 83
15 96
16 5
16 9
16 39
16 42
16 48
16 63
16 88
16 90
17 3
17 11
17 13
17 20
17 42
17 47
17 49
17 68
17 89
17 90
17 98
18 12
18 37
18 38
18 40
18 57
18 58
18 62
18 72
18 73
18 74
18 81
18 86
19 6
19 7
19 15
19 16
19 20
19 23
19 37
19 39
19 50
19 61
19 72
19 74
19 81
19 84
19 91
19 96
20 2
20 14
20 15
20 17
20 22
20 24
20 41
20 56
20 78
20 91
20 96
21 2
21 5
21 21
21 23
21 42
21 61
21 93
22 14
22 29
22 30
22 38
22 40
22 45
22 55
22 56
22 68
22 77
22 80
22 84
22 86
22 87
22 93
23 2
23 17
23 19
23 25
23 34
23 40
23 43
23 56
23 73
23 76
23 80
23 81
24 7
24 16
24 24
24 46
24 56
24 62
24 88
25 11
25 16
25 41
25 52
25 82
25 86
26 9
26 15
26 28
26 29
26 34
26 35
26 65
26 66
26 84
26 96
27 5
27 7
27 10
27 20
27 21
27 22
27 51
27 66
27 73
27 82
27 85
27 92
27 93
28 1
28 6
28 7
28 48
28 58
28 67
28 70
28 71
28 78
28 81
28 82
28 95
29 0
29 5
29 13
29 14
29 29
29 34
29 40
29 63
29 71
29 88
29 90
30 0
30 9
30 46
30 55
30 60
30 61
30 76
30 89
31 4
31 12
31 16
31 20
31 29
31 45
31 56
31 64
31 65
31 68
31 79
31 80
31 89
31 93
31 94
31 96
32 22
32 24
32 25
32 28
32 35
32 37
32 51
32 57
32 64
32 68
32 76
32 91
33 4
33 15
33 18
33 28
33 55
33 58
33 79
33 89
33 97
34 4
34 8
34 43
34 48
34 71
34 75
34 82
34 86
35 0
35 2
35 37
35 38
35 66
35 76
35 80
35 82
36 11
36 17
36 23
36 30
36 39
36 46
36 49
36 50
36 54
36 70
37 7
37 9
37 11
37 21
37 23
37 44
37 60
37 63
37 69
37 77
37 84
38 1
38 6
38 19
38 28
38 40
38 83
38 91
39 1
39 7
39 20
39 68
39 92
40 17
40 36
40 41
40 71
40 77
40 81
41 2
41 4
41 5
41 14
41 22
41 41
41 46
41 53
41 57
41 58
41 72
41 82
41 88
41 91
42 22
42 23
42 39
42 74
42 90
42 98
43 9
43 11
43 13
43 19
43 35
43 49
43 58
43 59
43 61
43 77
44 6
44 14
44 17
44 55
44 65
44 72
44 94
44 96
45 0
45 4
45 5
45 14
45 18
45 20
45 76
45 95
46 0
46 1
46 14
46 32
46 33
46 37
46 42
46 57
46 59
46 68
46 69
46 76
46 78
47 3
47 11
47 41
47 55
47 66
47 68
47 75
47 76
47 82
47 83
47 85
47 94
48 8
48 13
48 20
48 25
48 55
48 93
49 5
49 7
49 17
49 24
49 26
49 55
49 68
49 80
49 82
49 87
49 90
49 95
49 96
50 37
50 40
50 43
50 46
50 52
50 57
50 58
50 65
50 66
50 70
50 91
51 13
51 16
51 43
51 48
51 51
51 53
51 54
51 95
51 98
52 8
52 22
52 57
52 59
52 62
52 68
52 75
52 96
53 21
53 35
53 38
53 46
53 48
53 51
53 52
53 56
53 71
53 77
53 87
53 92
54 3
54 28
54 47
54 72
54 90
54 96
55 27
55 32
55 40
55 50
55 56
55 73
55 76
55 79
55 89
56 1
56 18
56 20
56 21
56 24
56 39
56 50
56 53
56 61
56 68
56 86
56 87
56 88
56 89
56 97
57 4
57 5
57 11
57 12
57 19
57 21
57 39
57 69
57 82
57 88
57 91
58 13
58 17
58 29
58 30
58 31
58 56
58 67
58 77
58 87
59 9
59 12
59 18
59 28
59 33
59 36
59 48
59 67
59 79
59 88
60 21
60 35
60 39
60 48
60 53
60 62
60 71
60 79
60 80
61 1
61 8
61 14
61 18
61 30
61 33
61 45
61 50
61 52
61 54
61 72
61 77
61 80
61 86
61 90
61 97
62 26
62 29
62 45
62 57
62 68
62 71
62 73
62 74
62 87
62 92
63 0
63 7
63 18
63 21
63 29
63 40
63 78
63 80
63 82
63 88
63 95
64 41
64 80
64 98
65 0
65 2
65 8
65 16
65 52
65 89
65 94
65 97
66 1
66 4
66 15
66 22
66 24
66 33
66 74
66 81
67 11
67 28
67 29
67 36
67 43
67 50
67 87
67 98
68 27
68 30
68 33
68 50
68 52
68 74
68 82
68 84
68 97
69 12
69 13
69 38
69 44
69 47
69 84
69 93
70 11
70 19
70 20
70 29
70 45
70 54
70 57
70 70
70 82
71 0
71 64
71 71
71 90
72 0
72 5
72 17
72 41
72 62
72 63
72 70
72 82
72 85
72 98
73 5
73 18
73 27
73 30
73 33
73 60
73 67
73 69
73 80
74 0
74 0
74 10
74 11
74 21
74 23
74 34
74 44
74 51
74 59
74 64
74 69
74 77
74 81
74 83
74 87
74 88
74 95
75 5
75 18
75 40
75 48
75 63
75 64
75 73
75 90
75 93
76 0
76 3
76 4
76 14
76 33
76 51
76 96
77 0
77 65
77 70
78 0
78 20
78 25
78 37
78 39
78 42
78 45
78 60
78 62
78 64
78 69
78 75
78 87
78 90
79 0
79 3
79 16
79 18
79 22
79 46
79 48
79 50
79 80
79 87
79 89
79 90
79 98
80 13
80 16
80 17
80 18
80 56
80 57
80 70
80 86
81 6
81 11
81 20
81 21
81 43
81 81
82 25
82 34
82 39
82 49
82 66
82 67
82 76
82 98
83 6
83 7
83 11
83 13
83 37
83 62
83 64
83 69
83 78
83 84
83 97
84 0
84 6
84 21
84 30
84 32
84 47
84 66
84 74
84 84
84 88
84 90
84 96
84 97
84 98