90 105 850 12500
401 250 210 530 355 525 299 150 165 440 155 40 130 95 365 145 95 225 100 415 50 115 380 450 460 505 330 85 390 300 205 365 515 525 210 375 490 395 255 465 200 340 170 370 235 275 325 190 155 65 405 530 435 135 275 255 45 245 285 235 110 455 530 350 470 345 100 445 525 325 195 270 490 225 335 525 160 115 280 435 480 315 420 440 115
15 175 95 60 280 325 90 270 65 185 305 80 70 30 160 220 35 205 60 180 130 55 325 315 70 215 210 285 35 40 95 80 115 335 290 70 200 280 180 120 110 160 305 145 65 240 135 260 260 280 65 250 260 255 85 270 270 285 180 115 110 115 230 105 35 30 130 340 110 95 190 150 240 115 270 155 230 275 120 300 30 85 255 125 170 110 220 155 200 300 195 170 245 225 280 340 75 95 90 235
0 5
0 14
0 21
0 28
0 36
0 41
0 50
0 85
0 94
0 96
1 1
1 12
1 23
1 44
1 71
2 7
2 37
2 46
2 73
2 77
2 79
2 93
2 96
3 6
3 34
3 53
3 62
3 85
3 95
4 20
4 31
4 32
4 64
4 65
4 77
4 81
4 91
5 5
5 20
5 22
5 27
5 70
5 71
5 73
5 82
5 98
6 7
6 9
6 16
6 31
6 38
6 44
6 81
6 86
6 87
6 102
7 9
7 20
7 23
7 24
7 31
7 49
7 54
7 55
7 74
7 93
7 99
8 18
8 47
8 68
8 81
8 101
9 7
9 14
9 19
9 42
9 51
9 66
9 79
10 5
10 14
10 19
10 38
10 40
10 49
10 58
10 69
10 82
11 10
11 20
11 35
11 37
11 40
11 48
11 63
11 64
11 75
11 89
12 8
12 21
12 29
12 39
12 43
12 56
12 72
12 74
12 77
12 86
12 96
13 20
13 28
13 36
13 68
13 77
13 80
13 90
14 37
14 51
14 54
14 57
14 62
14 63
14 64
14 78
14 80
14 90
15 17
15 20
15 21
15 24
15 26
15 37
15 54
15 66
15 68
15 78
15 79
15 87
15 100
16 9
16 13
16 43
16 46
16 52
16 67
16 92
16 94
17 7
17 15
17 17
17 24
17 46
17 51
17 53
17 72
17 93
17 94
17 102
18 16
18 41
18 42
18 44
18 61
18 62
18 66
18 76
18 77
18 78
18 85
18 90
19 10
19 11
19 19
19 20
19 24
19 27
19 41
19 43
19 54
19 65
19 76
19 78
19 85
19 88
19 95
19 100
20 6
20 18
20 19
20 21
20 26
20 28
20 45
20 60
20 82
20 95
20 100
21 6
21 9
21 25
21 27
21 46
21 65
21 97
22 18
22 33
22 34
22 42
22 44
22 49
22 59
22 60
22 72
22 81
22 84
22 88
22 90
22 91
22 97
23 6
23 21
23 23
23 29
23 38
23 44
23 47
23 60
23 77
23 80
23 84
23 85
24 11
24 20
24 28
24 50
24 60
24 66
24 92
25 15
25 20
25 45
25 56
25 86
25 90
26 13
26 19
26 32
26 33
26 38
26 39
26 69
26 70
26 88
26 100
27 9
27 11
27 14
27 24
27 25
27 26
27 55
27 70
27 77
27 86
27 89
27 96
27 97
28 5
28 10
28 11
28 52
28 62
28 71
28 74
28 75
28 82
28 85
28 86
28 99
29 3
29 9
29 17
29 18
29 33
29 38
29 44
29 67
29 75
29 92
29 94
30 4
30 13
30 50
30 59
30 64
30 65
30 80
30 93
31 8
31 16
31 20
31 24
31 33
31 49
31 60
31 68
31 69
31 72
31 83
31 84
31 93
31 97
31 98
31 100
32 26
32 28
32 29
32 32
32 39
32 41
32 55
32 61
32 68
32 72
32 80
32 95
33 8
33 19
33 22
33 32
33 59
33 62
33 83
33 93
33 101
34 8
34 12
34 47
34 52
34 75
34 79
34 86
34 90
35 4
35 6
35 41
35 42
35 70
35 80
35 84
35 86
36 15
36 21
36 27
36 34
36 43
36 50
36 53
36 54
36 58
36 74
37 11
37 13
37 15
37 25
37 27
37 48
37 64
37 67
37 73
37 81
37 88
38 5
38 10
38 23
38 32
38 44
38 87
38 95
39 5
39 11
39 24
39 72
39 96
40 21
40 40
40 45
40 75
40 81
40 85
41 6
41 8
41 9
41 18
41 26
41 45
41 50
41 57
41 61
41 62
41 76
41 86
41 92
41 95
42 26
42 27
42 43
42 78
42 94
42 102
43 13
43 15
43 17
43 23
43 39
43 53
43 62
43 63
43 65
43 81
44 10
44 18
44 21
44 59
44 69
44 76
44 98
44 100
45 4
45 8
45 9
45 18
45 22
45 24
45 80
45 99
46 4
46 5
46 18
46 36
46 37
46 41
46 46
46 61
46 63
46 72
46 73
46 80
46 82
47 7
47 15
47 45
47 59
47 70
47 72
47 79
47 80
47 86
47 87
47 89
47 98
48 12
48 17
48 24
48 29
48 59
48 97
49 9
49 11
49 21
49 28
49 30
49 59
49 72
49 84
49 86
49 91
49 94
49 99
49 100
50 41
50 44
50 47
50 50
50 56
50 61
50 62
50 69
50 70
50 74
50 95
51 17
51 20
51 47
51 52
51 55
51 57
51 58
51 99
51 102
52 12
52 26
52 61
52 63
52 66
52 72
52 79
52 100
53 25
53 39
53 42
53 50
53 52
53 55
53 56
53 60
53 75
53 81
53 91
53 96
54 7
54 32
54 51
54 76
54 94
54 100
55 31
55 36
55 44
55 54
55 60
55 77
55 80
55 83
55 93
56 5
56 22
56 24
56 25
56 28
56 43
56 54
56 57
56 65
56 72
56 90
56 91
56 92
56 93
56 101
57 8
57 9
57 15
57 16
57 23
57 25
57 43
57 73
57 86
57 92
57 95
58 17
58 21
58 33
58 34
58 35
58 60
58 71
58 81
58 91
59 13
59 16
59 22
59 32
59 37
59 40
59 52
59 71
59 83
59 92
60 25
60 39
60 43
60 52
60 57
60 66
60 75
60 83
60 84
61 5
61 12
61 18
61 22
61 34
61 37
61 49
61 54
61 56
61 58
61 76
61 81
61 84
61 90
61 94
61 101
62 30
62 33
62 49
62 61
62 72
62 75
62 77
62 78
62 91
62 96
63 4
63 11
63 22
63 25
63 33
63 44
63 82
63 84
63 86
63 92
63 99
64 45
64 84
64 102
65 3
65 6
65 12
65 20
65 56
65 93
65 98
65 101
66 5
66 8
66 19
66 26
66 28
66 37
66 78
66 85
67 15
67 32
67 33
67 40
67 47
67 54
67 91
67 102
68 31
68 34
68 37
68 54
68 56
68 78
68 86
68 88
68 101
69 16
69 17
69 42
69 48
69 51
69 88
69 97
70 15
70 23
70 24
70 33
70 49
70 58
70 61
70 74
70 86
71 4
71 68
71 75
71 94
72 4
72 9
72 21
72 45
72 66
72 67
72 74
72 86
72 89
72 102
73 9
73 22
73 31
73 34
73 37
73 64
73 71
73 73
73 84
74 3
74 4
74 14
74 15
74 25
74 27
74 38
74 48
74 55
74 63
74 68
74 73
74 81
74 85
74 87
74 91
74 92
74 99
75 9
75 22
75 44
75 52
75 67
75 68
75 77
75 94
75 97
76 3
76 7
76 8
76 18
76 37
76 55
76 100
77 3
77 69
77 74
78 4
78 24
78 29
78 41
78 43
78 46
78 49
78 64
78 66
78 68
78 73
78 79
78 91
78 94
79 4
79 7
79 20
79 22
79 26
79 50
79 52
79 54
79 84
79 91
79 93
79 94
79 102
80 17
80 20
80 21
80 22
80 60
80 61
80 74
80 90
81 10
81 15
81 24
81 25
81 47
81 85
82 29
82 38
82 43
82 53
82 70
82 71
82 80
82 102
83 10
83 11
83 15
83 17
83 41
83 66
83 68
83 73
83 82
83 88
83 101
84 3
84 10
84 25
84 34
84 36
84 51
84 70
84 78
84 88
84 92
84 94
84 100
84 101
84 102